  -1.0000         0
  -0.9600         0
  -0.9200         0
  -0.8800         0
  -0.8400         1
  -0.8000         2
  -0.7600         0
  -0.7200         0
  -0.6800         0
  -0.6400         3
  -0.6000         5
  -0.5600         4
  -0.5200        12
  -0.4800        19
  -0.4400       433
  -0.4000      3484
  -0.3600     10503
  -0.3200     21807
  -0.2800     36323
  -0.2400     55215
  -0.2000     79130
  -0.1600    106708
  -0.1200    138655
  -0.0800    176907
  -0.0400    203670
   0.0000    244205
   0.0400    218585
   0.0800    168436
   0.1200    135800
   0.1600     98667
   0.2000     67954
   0.2400     44218
   0.2800     25119
   0.3200     10976
   0.3600      2829
   0.4000       128
   0.4400         5
   0.4800         5
   0.5200         5
   0.5600         1
   0.6000         0
   0.6400         2
   0.6800         1
   0.7200         1
   0.7600         0
   0.8000         0
   0.8400         0
   0.8800         1
   0.9200         0
   0.9600         0
   1.0000         0
